p0[g/cE[%]P[%]YM [GYS [HV  A1A2A3A4 A5A6A7A8 L C F S
   4,7  25  50  110  40 12022 0 0  0 0 0 0  0 1 1 1 1
   4,3  25  11  104  43 1302213 0  0 0 0 0  0 1 0 1 1
  4,47  25  10  114  43 1302223 0  0 0 0 0  0 1 0 0 0
   6,5 8,5  20   86  31 7502822 0  0 0 0 0  0 1 1 1 1
  8,55  11  20  235  87 5302724 0  0 0 0 0  0 1 0 1 1
  16,6  10  30  186  88 20073 0 0  0 0 0 0  0 1 1 0 0
  4,77  25  10  138  65 140224240 39 0 0 0  0 1 0 1 0
     4  24   5   90  31 23722 5 0  0 0 0 0  0 1 0 0 0
  4,47  25  10  114  43 1402241 0  0 0 0 0  0 1 0 1 0
  4,77  25   5  138  65 1402240 0  0 0 0 0  0 1 0 0 1
  8,2522,5   5  225  83 5252527 0  0 0 0 0  0 1 0 0 0
  4,47  25   5  114  43 140224151  0 0 0 0  0 1 0 0 0
   7,9  42 0,5  195  72 165262428 422514 0  0 1 1 1 1
  8,36  15   5  220  90 530272442  0 0 0 0  0 0 1 0 0
   5,8  16   5   55  25 275224140 73 0 0 0  0 0 0 0 1
  1,47  13   0   4517,5  7212 313  0 0 0 0  0 1 1 1 1
    21  25   0  210  75 3857877 0  0 0 0 0  0 1 1 1 1
  21,2  22   0  210  77 3607877 0  0 0 0 0  0 1 1 1 1
  21,5  11   0  190  70 3607877 0  0 0 0 0  0 1 1 1 1
   8,4  35   0  215  83 3252824 0  0 0 0 0  0 1 1 1 1
   7,7  35   0  200  77 335282426  0 0 0 0  0 1 1 1 1
   8,9  20   0  110  40 2052947 0  0 0 0 0  0 1 1 1 1
   8,5   6   0  127  46 1652947 0  0 0 0 0  0 1 1 1 1
   6,5  10   0   74  31 1954041 0  0 0 0 0  0 1 1 1 1
   6,7  10   0   74  30 200404129  0 0 0 0  0 1 1 1 1
   6,5  10   0   70  30 210404126  0 0 0 0  0 1 1 1 1
 16,45  15   0  186  70 4207374 0  0 0 0 0  0 1 1 1 1
  16,2  20   0  172  63 3207374 0  0 0 0 0  0 1 1 1 1
  6,15   6   0   70  30 350282272  0 0 0 0  0 0 1 0 0
   7,8  45   0  210  80 275262428 422947 0  0 1 1 1 1
  8,52  35   0  106  40 190293013 141228 0  0 1 1 1 1
  1,81  16   0   45  17  59123020  0 0 0 0  0 1 1 1 1
  1,78  11   0   45  17  60123038  0 0 0 0  0 1 1 1 1
  1,79  13   0   46  18  55122038  0 0 0 0  0 1 1 1 1
  2,77   8   0   70  27 1151329 0  0 0 0 0  0 1 1 1 1
   2,8  17   0   69  26 120131214 40 0 0 0  0 1 1 1 1
   6,60.1    0   47  18  703047 0  0 0 0 0  0 1 1 1 1
   6,80.1    0   62  23  953029 0  0 0 0 0  0 1 1 1 1
  6,980.1    0   75  25 110302922  0 0 0 0  0 1 1 1 1
  8,67   1   0  197  77 475281324  0 0 0 0  0 1 1 1 1
   7,9   0   0  192 158 138132726 28 0 0 0  0 0 0 0 0
   7,4   0   0  182 346 212132726 28 0 0 0  0 0 0 0 0
     7   0   0  172 794 385132726 28 0 0 0  0 0 0 0 0
   6,6   0   0  162 964 456132726 28 0 0 0  0 0 0 0 0
   8,5   0   0  207 204 125272628  0 0 0 0  0 0 0 0 0
   8,5   0   0  207 209 125272628  0 0 0 0  0 0 0 0 0
   7,7   0   0  186 196 149272628 14 0 0 0  0 0 0 0 0
   7,1   0   0  185 476 287272628 14 0 0 0  0 0 0 0 0
   6,6   0   0  1841301 570272628 14 0 0 0  0 0 0 0 0
   6,8   0   0  1832033 624132724 2628 0 0  0 0 0 0 0
   6,8  17   0  1821641 569132724 264128 0  0 0 0 0 0
   6,8  11   0182,71959 668132724 264128 0  0 0 0 0 0
     7   4   0183,32473 747132724 264128 0  0 0 0 0 0
   6,7  25   0  1841373 520132724 2628 0 0  0 0 0 0 0
   6,4  23   0  1782260 178132724 262822 0  0 0 0 0 0
   7,729,5   0  212 220 171132724 262528 0  0 0 0 0 0
   7,5  36   0  205 244 182132724 262528 0  0 0 0 0 0
   7,442,5   0  208 285 183132724 262528 0  0 0 0 0 0
   7,4  49   0  211 331 220132724 262528 0  0 0 0 0 0
   7,355,5   0  214 526 278132724 262528 0  0 0 0 0 0
   7,2  62   0  217 833 405132724 262528 0  0 0 0 0 0
     868,5   0  220 208 176272426 2528 0 0  0 0 0 0 0
     8  75   0  220 230 135272426 2528 0 0  0 0 0 0 0
   7,9  75   0  215 200 144272426 252823 0  0 0 0 0 0
   7,8  75   0  210 620 275272426 252823 0  0 0 0 0 0
   7,7 7,8   0209,4 740 380272426 252823 0  0 0 0 0 0
   7,7 0,5   0208,91660 636272426 252823 0  0 0 0 0 0
   6,3  29   0208,31406 472132426 28 0 0 0  0 0 0 0 0
   6,5  29   0207,71487 549132426 4228 0 0  0 0 0 0 0
   6,8  13   0207,11749 622132426 4228 0 0  0 0 0 0 0
     7   0   0206,61513 854132426 4228 0 0  0 0 0 0 0
   8,3 3,5   0  206 230 286272429 2628 0 0  0 0 0 0 0
   5,9   7   0  145 980 516132926 2822 0 0  0 0 0 0 0
   5,9   7   0  145 980 516132926 2822 0 0  0 0 0 0 0
   6,1   8   0  1461074 516132926 2822 0 0  0 0 0 0 0
   5,70,85   0  108 300 537132928 22 0 0 0  0 0 0 0 0
   7,71,09   0  1071965 500134173 222340 0  0 0 0 0 0
   8,11,34   0  1101965 490134173 2240 0 0  0 0 0 0 0
   9,11,58   0  1071841 500137241 732240 0  0 0 0 0 0
   7,61,83   0  1092035 530134173 222340 0  0 0 0 0 0
   7,12,07   0  1072000 591134241 732240 0  0 0 0 0 0
   6,82,31   0  1051280 408134173 2240 0 0  0 0 0 0 0
   9,52,56   0   631188 353137241 732240 0  0 0 0 0 0
   9,3 2,8   0   971302 396137241 732240 0  0 0 0 0 0
   9,13,05   0  1021415 427137241 732240 0  0 0 0 0 0
   8,93,29   0  1031489 441137241 732240 0  0 0 0 0 0
   9,93,54   0   551073 295724173 2240 0 0  0 0 0 0 0
   7,13,78   0  1611250 460134241 2223 0 0  0 0 0 0 0
   6,84,02   0  1561625 487134241 2223 0 0  0 0 0 0 0
   6,64,27   0  1511260 517134241 2223 0 0  0 0 0 0 0
   6,44,51   0  1471375 537134241 2223 0 0  0 0 0 0 0
   7,34,76   0  1671200 441424122 23 0 0 0  0 0 0 0 0
   5,5   5   0  1041020 448134122 23 0 0 0  0 0 0 0 0
     85,85   0104,31595 540244241 732240 0  0 0 0 0 0
   6,6 6,7   0104,51298 482244122 2340 0 0  0 0 0 0 0
   6,67,56   0104,81260 418244122 40 0 0 0  0 0 0 0 0
   6,48,41   0  105 918 304412223 40 0 0 0  0 0 0 0 0
   6,59,26   0  1001105 335412223 40 0 0 0  0 0 0 0 0
   9,910,1   0   961112 395724241 732240 0  0 0 0 0 0
   9,9  11   0  1021317 480724241 732240 0  0 0 0 0 0
   9,911,8   0  1091373 492724241 732240 0  0 0 0 0 0
   9,912,7   0  1151512 505724241 732240 0  0 0 0 0 0
   9,913,5   0   851015 335724173 2240 0 0  0 0 0 0 0
   9,914,4   0  1371512 505724241 732240 0  0 0 0 0 0
  10,215,2   0  1431600 542724273 2240 0 0  0 0 0 0 0
   7,816,1   0  1231399 490724114 2223 0 0  0 0 0 0 0
   8,216,9   0  103 903 301724173 2240 0 0  0 0 0 0 0
  10,717,8   0  1861525 504424173 23 0 0 0  0 0 0 0 0
  12,418,6   0  2291246 536424173 2374 0 0  0 0 0 0 0
  13,719,5   0  2501058 454424173 74 0 0 0  0 0 0 0 0
   8,320,3   0  167 215 147292528 30 0 0 0  0 0 0 0 0
   8,321,2   0  169 140 109292528 30 0 0 0  0 0 0 0 0
   8,1  22   0170,3 515 241132925 28 0 0 0  0 0 0 0 0
   8,322,9   0171,7 630 318292528 50 0 0 0  0 0 0 0 0
   8,323,7   0  173 330 166132925 28 0 0 0  0 0 0 0 0
   8,424,6   0  167 380 205292528 50 0 0 0  0 0 0 0 0
  12,625,4   0  1612034 715247322 2374 0 0  0 0 0 0 0
  12,326,3   0  1552050 780247322 2374 0 0  0 0 0 0 0
    1327,1   0  1492327 715247323 74 0 0 0  0 0 0 0 0
   7,7  28   0  1431350 442724241 142240 0  0 0 0 0 0
   7,5  23   0  1371370 494724241 142240 0  0 0 0 0 0
   7,2  23   0  1311600 524724241 142240 0  0 0 0 0 0
     7  12   0  1251550 580724241 142240 0  0 0 0 0 0
   6,8   9   0  1191650 640724241 142240 0  0 0 0 0 0
   7,9  25   0  1131150 400724241 2240 0 0  0 0 0 0 0
   9,924,8   0  1071900 420724173 2240 0 0  0 0 0 0 0
   9,924,7   0  1071520 530724173 2240 0 0  0 0 0 0 0
   9,924,5   0  107 795 340724173 2240 0 0  0 0 0 0 0
   9,924,3   0  107 830 309724173 2240 0 0  0 0 0 0 0
   9,924,2   0  1071202 366724173 2240 0 0  0 0 0 0 0
   9,9  24   0  1071145 351724173 2240 0 0  0 0 0 0 0
  11,123,8   0106,52310 571724173 40 0 0 0  0 0 0 0 0
  11,123,7   0  1062100 536724173 40 0 0 0  0 0 0 0 0
  11,123,5   0105,51950 550724173 40 0 0 0  0 0 0 0 0
  11,123,3   0  1051315 365724173 40 0 0 0  0 0 0 0 0
  13,123,2   0  2421109 478424173 2274 0 0  0 0 0 0 0
  12,6  23   0  2341211 481424173 2274 0 0  0 0 0 0 0
  12,222,8   0  2281304 496424173 2274 0 0  0 0 0 0 0
  11,822,7   0  2221455 508424173 2274 0 0  0 0 0 0 0
   7,422,5   0223,8 568 345132724 262822 0  0 0 0 0 0
   7,422,3   0225,6 596 345132724 262822 0  0 0 0 0 0
   7,422,1   0227,4 487 345132724 262822 0  0 0 0 0 0
   7,4  22   0229,2 486 345132724 262822 0  0 0 0 0 0
   8,321,8   0  2311100 468272428  0 0 0 0  0 0 0 0 0
   8,321,6   0  231 597 326272428  0 0 0 0  0 0 0 0 0
   8,321,5   0  231 346 223272428  0 0 0 0  0 0 0 0 0
     821,3   0  220 210 130272426 2528 0 0  0 0 0 0 0
     821,1   0  2201150 394272426 2528 0 0  0 0 0 0 0
     8  21   0  2201300 431272426 2528 0 0  0 0 0 0 0
   9,220,8   0  1341108 428417322 23 0 0 0  0 0 0 0 0
   9,220,6   0  1341308 444417322 23 0 0 0  0 0 0 0 0
   9,220,5   0  1341373 511417322 23 0 0 0  0 0 0 0 0
     820,3   0146,61314 415272426 2528 0 0  0 0 0 0 0
   7,912,6   0159,21631 432132724 262528 0  0 0 0 0 0
   7,6 4,9   0171,81836 511132724 262528 0  0 0 0 0 0
   7,4 3,8   0184,51932 553132724 262528 0  0 0 0 0 0
   7,11,69   0197,12230 622132724 262528 0  0 0 0 0 0
   6,4 3,5   0209,717501183132724 28 0 0 0  0 0 0 0 0
  11,7 5,3   0222,334161010244241 732374 0  0 0 0 0 0
  11,7   2   0234,93410 991244241 732374 0  0 0 0 0 0
  11,7 1,9   0247,53338 988244241 732374 0  0 0 0 0 0
     8 3,2   0260,22680 741244241 732223 0  0 0 0 0 0
   6,74,49   0272,81631 519132724 2628 0 0  0 0 0 0 0
   6,75,79   0285,41209 493132724 2628 0 0  0 0 0 0 0
  13,77,08   0  298 896 473424175 74 0 0 0  0 0 0 0 0
  13,58,33   0279,51074 510 64241 757374 0  0 0 0 0 0
  13,48,81   0260,91144 558 64241 757374 0  0 0 0 0 0
  13,310,3   0242,41202 583 64241 757374 0  0 0 0 0 0
  13,39,64   0223,81241 615 64241 757374 0  0 0 0 0 0
   5,99,99   0205,31241 582132724 2628 0 0  0 0 0 0 0
   5,910,3   0186,71324 606132724 262822 0  0 0 0 0 0
   6,110,7   0168,21566 642132724 262822 0  0 0 0 0 0
   6,2  11   0149,61503 640132724 262822 0  0 0 0 0 0
   6,211,4   0131,11448 703132724 262822 0  0 0 0 0 0
   6,311,7   0112,51272 857132724 262822 0  0 0 0 0 0
   6,512,1   0   941223 372412240  0 0 0 0  0 0 0 0 0
   8,412,4   0   891000 351724122 40 0 0 0  0 0 0 0 0
   8,212,8   0  226 163 169272426 28 0 0 0  0 0 0 0 0
   8,913,1   0  238 335 244272426 2874 0 0  0 0 0 0 0
   9,813,5   0193,7 556 358272426 2874 0 0  0 0 0 0 0
   8,113,8   0149,42663 826242642 4123 0 0  0 0 0 0 0
   7,614,2   0105,21647 792242642 4122 0 0  0 0 0 0 0
   7,414,5   060,881707 699264241 2223 0 0  0 0 0 0 0
   7,814,9   0 16,6  62 107132429 2628 0 0  0 0 0 0 0
   7,815,2   0   47 350 209132429 2628 0 0  0 0 0 0 0
   7,815,6   0 35,2 535 321132429 2628 0 0  0 0 0 0 0
   7,815,9   0 51,4 255 159132429 2628 0 0  0 0 0 0 0
   7,816,2   0  214 540 263272426 2822 0 0  0 0 0 0 0
   7,816,6   0  213 586 308272426 2822 0 0  0 0 0 0 0
   7,816,9   0  212 672 335242628 22 0 0 0  0 0 0 0 0
   6,517,3   0  1001160 338722223 40 0 0 0  0 0 0 0 0
   6,517,6   0  100 405 338722223 40 0 0 0  0 0 0 0 0
   6,5  18   0  100  85 338722223 40 0 0 0  0 0 0 0 0
   6,618,3   0  1001115 332724122 2340 0 0  0 0 0 0 0
   6,718,7   0  1001065 323724122 2340 0 0  0 0 0 0 0
   6,7  19   0  100 718 323724122 2340 0 0  0 0 0 0 0
   6,719,4   0  100 135 323724122 2340 0 0  0 0 0 0 0
   6,819,7   0  1001025 319724122 2340 0 0  0 0 0 0 0
   6,920,1   0  101 980 310724122 2340 0 0  0 0 0 0 0
   6,920,4   0  101 859 310724122 2340 0 0  0 0 0 0 0
   6,920,8   0  101 195 310724122 2340 0 0  0 0 0 0 0
   8,121,1   0115,91190 398242926 2528 0 0  0 0 0 0 0
   8,121,5   0130,81170 367242926 2528 0 0  0 0 0 0 0
   8,121,8   0145,71030 312242926 2528 0 0  0 0 0 0 0
   8,122,2   0160,6 970 271242926 2528 0 0  0 0 0 0 0
   8,122,5   0175,5 850 183242926 2528 0 0  0 0 0 0 0
   8,122,9   0190,4 470 162242926 2528 0 0  0 0 0 0 0
   6,723,2   0205,31221 550132724 2628 0 0  0 0 0 0 0
   6,726,5   0220,21187 510132724 2628 0 0  0 0 0 0 0
   6,721,4   0235,11113 503132724 2628 0 0  0 0 0 0 0
  13,7 3,8   0  2501217 505424173 74 0 0 0  0 0 0 0 0
  12,910,5   0244,11826 567424114 7374 0 0  0 0 0 0 0
  12,2 5,8   0238,11883 697424114 7374 0 0  0 0 0 0 0
  11,6 1,6   0232,22483 683424114 7374 0 0  0 0 0 0 0
   7,8 4,5   0226,31616 457 62724 26252822  0 0 0 0 0
   7,8  10   0220,41652 461 62724 26252822  0 0 0 0 0
   7,811,4   0214,41490 428 62724 26252822  0 0 0 0 0
   7,820,1   0208,51194 378 62724 26252822  0 0 0 0 0
   7,6  20   0202,6 777 143272429 2814 0 0  0 0 0 0 0
   6,9  20   0196,6 929 431132729 2628 0 0  0 0 0 0 0
     719,9   0190,71021 420132729 2628 0 0  0 0 0 0 0
     719,9   0184,8 994 391132729 2628 0 0  0 0 0 0 0
   7,219,8   0178,9 680 324132729 2628 0 0  0 0 0 0 0
   7,319,7   0172,9 544 299132729 2628 0 0  0 0 0 0 0
   7,519,7   0  167 268 280132729 2628 0 0  0 0 0 0 0
   7,119,6   0172,61091 353132426 2528 0 0  0 0 0 0 0
   6,919,6   0178,21130 361132426 2528 0 0  0 0 0 0 0
   6,819,5   0183,81170 375132426 2528 0 0  0 0 0 0 0
   6,719,4   0189,41200 386132426 2528 0 0  0 0 0 0 0
   7,819,4   0  195 225 130272426 2814 0 0  0 0 0 0 0
   7,819,3   0  195 705 318272426 2814 0 0  0 0 0 0 0
   7,819,3   0  195 320 154272426 2814 0 0  0 0 0 0 0
   9,119,2   0197,4 650 470272426 252846 0  0 0 0 0 0
   9,119,1   0199,9 650 380272426 252846 0  0 0 0 0 0
     919,1   0202,3 650 180272426 252846 0  0 0 0 0 0
   8,9  19   0204,7 650 160272426 252846 0  0 0 0 0 0
   7,6  19   0207,12298 362242628 22 0 0 0  0 0 0 0 0
   7,518,9   0209,62365 510242628 22 0 0 0  0 0 0 0 0
   7,418,8   0  2122475 600242628 22 0 0 0  0 0 0 0 0
   7,318,8   0  2082381 710242628 22 0 0 0  0 0 0 0 0
   7,218,7   0  2041923 718242628 22 0 0 0  0 0 0 0 0
   6,518,7   0193,61010 633132429 2625 0 0  0 0 0 0 0
   6,718,6   0183,31120 680132429 262574 0  0 0 0 0 0
   6,818,5   0172,91250 705132429 262574 0  0 0 0 0 0
   7,918,5   0162,61510 780132429 262574 0  0 0 0 0 0
   8,318,4   0152,2 773 211722240  0 0 0 0  0 0 0 0 0
   6,818,4   0141,91001 233722122 40 0 0 0  0 0 0 0 0
     718,3   0131,5 554 241722239 40 0 0 0  0 0 0 0 0
   6,218,2   0121,1 793 256722122 3940 0 0  0 0 0 0 0
   7,118,2   0110,81129 305132724 2628 0 0  0 0 0 0 0
   7,118,1   0100,41160 357132724 264228 0  0 0 0 0 0
   7,118,1   090,071251 363132724 264228 0  0 0 0 0 0
   7,2  18   079,711198 360132724 264228 0  0 0 0 0 0
   8,117,9   069,362121 615272429 2830 0 0  0 0 0 0 0
   9,917,9   0   591155 359724173 2240 0 0  0 0 0 0 0
   8,917,8   0   981144 358417322 40 0 0 0  0 0 0 0 0
    1017,8   0  143 620 246417322  0 0 0 0  0 0 0 0 0
   6,517,7   0   88 956 295412240  0 0 0 0  0 0 0 0 0
   9,217,6   0  127 822 294417322 40 0 0 0  0 0 0 0 0
     817,6   0  1271100 435272426 2528 0 0  0 0 0 0 0
   7,317,5   0  1272012 515132724 262822 0  0 0 0 0 0
   5,719,3   0  1271509 422134122 40 0 0 0  0 0 0 0 0
   5,7  21   0  1271579 418134122 40 0 0 0  0 0 0 0 0
   5,722,7   0  1271080 540134122 40 0 0 0  0 0 0 0 0
   6,524,4   0  1271105 335412223 40 0 0 0  0 0 0 0 0
   6,626,2   0  1271260 418244122 40 0 0 0  0 0 0 0 0
   6,827,9   0  1271914 624132426 4228 0 0  0 0 0 0 0
   6,614,3   0  1272162 712132426 422822 0  0 0 0 0 0
   6,514,8   0  1272185 732132426 422822 0  0 0 0 0 0
   6,510,4   0  1272229 752132426 422822 0  0 0 0 0 0
   6,410,4   0  1271315 756132426 422822 0  0 0 0 0 0
   6,410,4   0  127 619 766132426 422822 0  0 0 0 0 0
