Sequential 14 4 7


GaussAugment1D 14 14


Linear 14 14 False
	0,05192325	-0,42196256	0,03637959	-0,40728736	-0,68916912	0,23797207	-1,07359061	0,00697856	-0,24366527	0,54645562	-0,14003346	0,89243961	0,17634128	-0,46610251
	-0,20540360	0,21847784	0,21609040	-0,08464238	0,75627826	0,00817805	-0,02272917	-0,04706733	-0,21046269	0,11912301	-0,13216033	0,22237861	-0,14454143	-0,13067437
	-0,11627502	-0,46169054	-0,54752816	-0,49159778	-0,04958835	0,38223851	0,20350287	-0,63950464	-0,03429384	-0,44727445	-0,14423128	0,21527331	0,24771027	-0,28085412
	0,41192119	-0,23551539	-0,80254812	0,37547574	0,71848623	0,02257563	-0,50250781	0,69315350	-0,58547208	0,23451012	-0,81440007	0,42391577	0,04163152	-0,27209773
	0,05831889	-0,29378936	-0,28753323	-0,11028138	-0,50943990	0,65316629	0,07169079	-0,61167413	-0,01748355	-0,10975536	-0,37045637	0,04377804	0,59776678	0,19555704
	0,16093012	-0,05870770	-0,19435626	-0,19835101	0,41775866	-0,11415320	0,06810515	0,04428870	0,96594988	0,59790629	-0,12978208	-0,40523579	0,33658487	-0,05997365
	-0,75423617	-0,20850556	0,15828486	0,35476910	-0,36450966	-0,05508270	-0,57425936	0,41024400	0,11128438	-0,04815807	-0,43818011	-0,46921634	-0,12825140	0,27748170
	-0,30793758	-0,16256925	0,38220816	0,51272733	-0,09861654	-0,45792102	-0,10011000	0,43255416	0,24167650	1,04735422	-0,61448129	-0,29106965	0,12416265	-0,07482542
	0,45904932	0,41586670	-0,67043933	0,26628003	0,12937014	0,43392034	-0,12612412	0,63374531	-0,17392823	0,15740793	0,01798778	-0,29681380	0,45744599	-0,09770882
	1,01276386	-0,18813861	-0,08543828	0,07555738	0,14330080	-0,10336437	0,70084718	-0,09482486	-0,47659743	0,01130529	0,08824813	0,86459787	0,08346721	-0,31400133
	-0,09108784	-0,77316123	0,54606693	-0,02812470	-0,01657598	-0,52124522	0,21378744	0,31235366	0,18336274	-0,26169339	-0,01530476	0,32772421	0,27902446	-0,24200021
	0,17917011	-0,62533064	0,47259487	-0,22384374	0,68357698	-0,12269933	-0,34264612	-0,80253582	0,34683054	-0,36013016	0,66547594	0,12056653	0,07242285	-0,69353354
	-0,21939614	-0,04788951	-0,02665537	-0,08377412	-0,30082091	-0,15505897	-0,26724207	0,19885676	-0,09287835	0,63154908	0,64051190	-0,28038926	0,11110083	-0,32012753
	-0,34262205	0,11199988	0,08842735	-0,11825698	-0,35654781	-0,72315534	0,74926375	0,05314786	-0,07957168	0,21467354	0,42983704	0,00654753	-0,36074774	0,02011849


ReLU 14 14


Linear 14 8 True
	0,14706632	-0,52830263	-0,88135439	0,98247644	1,08873788	0,76510451	-0,73340607	0,60105716
	0,15848646	0,43345129	-0,76294163	-0,21910793	-0,31398575	0,41188702	-0,07888928	0,46909840
	-0,46920764	0,21572429	-0,48430041	0,31229221	-0,17159775	-0,23078082	0,08470250	-0,39669726
	0,51345074	0,01642580	-0,11859203	0,19563273	-0,04147153	0,36927982	0,16370381	-0,52672259
	1,11202235	-0,01402322	-0,64053792	0,02752636	-0,40622082	0,71982110	0,77159091	1,34191493
	0,50007100	0,02659625	-0,04549324	-0,62844570	0,29927578	-0,20373567	0,74244126	-0,52815535
	-0,35591160	-0,01020864	0,25658008	0,64732704	-0,22094056	0,82390537	-0,66027643	-0,81252634
	-0,23310131	0,49276144	0,21103525	0,14308447	0,92064407	0,02431224	-0,75751958	-0,36526672
	-0,69699485	-0,05286334	-0,15024966	0,96525940	0,17418371	0,46249162	-0,74702143	0,18646292
	0,18774696	-0,25269101	0,96862935	-0,20857646	-0,26019165	0,59379672	-0,62225520	-0,64927145
	-0,11702596	0,56054189	0,05525071	-0,35243644	0,44039518	0,54861867	0,27877727	-0,25796293
	0,12403793	0,26090999	-0,44969052	0,52159117	-0,45369075	0,14628537	-0,17924274	-0,25589418
	0,39836924	-0,09705187	-0,76426275	0,69776756	0,30283955	0,49286945	-0,27213239	-0,92831569
	-0,66467667	0,70005414	0,75318746	0,20554425	-0,19868298	-0,11102448	-0,52079304	0,14901079
	0,00365418	0,15029819	0,49616916	0,13426994	0,07198943	-0,17535862	-0,12655067	0,24676815


ReLU 8 8


Linear 8 4 True
	-0,63497762	-0,43937507	-0,30741714	0,09185607
	-0,25785894	-0,59209157	-0,08167702	-0,19259492
	-1,87536944	-1,56106254	-1,48259709	-1,60013070
	1,41216657	0,55741598	0,89079657	1,40822970
	1,15728332	1,70919266	1,18242232	1,14379076
	1,48554505	1,27061012	1,58647025	0,79469580
	-0,59270331	-1,07563829	-1,02224678	-1,55044586
	-1,50775058	-1,17510399	-1,73543023	-1,66027866
	-0,26692677	0,59878725	-0,01578187	0,18926187


Sigmoid 4 4


4 4



Sigmoid 4 4


id 4 4


4 4


902	-0,02498482


ReLU 7 7


Linear 7 7 True
	-0,60741287	-0,56135290	-0,11977820	-0,70695628	-0,97947273	-0,05653752	0,17516244
	-0,33793575	0,02313903	-0,59785171	0,18265030	-0,17382341	-0,36834076	-0,15228194
	-0,54512504	-0,43038288	-0,20448925	-0,74905390	0,46711366	0,35991602	-0,07672918
	0,80197013	0,19402871	-0,59540644	0,65446929	0,04055615	0,81256260	1,23760725
	0,31985533	0,73105588	0,11093887	0,29850743	0,54985190	0,50887420	0,98304410
	-0,53990256	-0,16370345	0,34319162	-0,26096302	-0,14622050	-0,21536989	0,16140899
	-0,00281302	0,72601384	-0,62142292	0,09419479	0,18093826	-0,68120909	-0,21174795
	-0,13902217	-0,08170118	0,00000000	0,48192457	-0,16034549	0,20178085	0,09146738


ReLU 7 7


Linear 7 1 True
	-0,43189727
	-0,11252173
	0,35008673
	0,64168300
	-0,77723057
	0,37346774
	0,24253766
	0,86115127


Sigmoid 1 1


1


8037757	0,16009162
	-0,58340512	-0,16165749	0,47783034	0,00968906
	-0,31039076	0,11271827	0,43236086	-0,29746354
	-0,21461559	-0,10254880	-0,40655785	-0,37026007
	0,31739478	0,09724828	1,16076194	0,49612985
	0,36807682	0,73039038	0,36544694	0,61770767


Sigmoid 4 4


 4



Å–ª–æ	–Ω–µ¬†—á–∏—Å–ª–æ	–Ω–µ¬†—á–∏—Å–ª–æ
	–Ω–µ¬†—á–∏—Å–ª–æ	–Ω–µ¬†—á–∏—Å–ª–æ	–Ω–µ¬†—á–∏—Å–ª–æ	–Ω–µ¬†—á–∏—Å–ª–æ	–Ω–µ¬†—á–∏—Å–ª–æ	–Ω–µ¬†—á–∏—Å–ª–æ	–Ω–µ¬†—á–∏—Å–ª–æ
	–Ω–µ¬†—á–∏—Å–ª–æ	–Ω–µ¬†—á–∏—Å–ª–æ	–Ω–µ¬†—á–∏—Å–ª–æ	–Ω–µ¬†—á–∏—Å–ª–æ	–Ω–µ¬†—á–∏—Å–ª–æ	–Ω–µ¬†—á–∏—Å–ª–æ	–Ω–µ¬†—á–∏—Å–ª–æ
	–Ω–µ¬†—á–∏—Å–ª–æ	–Ω–µ¬†—á–∏—Å–ª–æ	–Ω–µ¬†—á–∏—Å–ª–æ	–Ω–µ¬†—á–∏—Å–ª–æ	–Ω–µ¬†—á–∏—Å–ª–æ	–Ω–µ¬†—á–∏—Å–ª–æ	–Ω–µ¬†—á–∏—Å–ª–æ
	–Ω–µ¬†—á–∏—Å–ª–æ	–Ω–µ¬†—á–∏—Å–ª–æ	–Ω–µ¬†—á–∏—Å–ª–æ	–Ω–µ¬†—á–∏—Å–ª–æ	–Ω–µ¬†—á–∏—Å–ª–æ	–Ω–µ¬†—á–∏—Å–ª–æ	–Ω–µ¬†—á–∏—Å–ª–æ
	–Ω–µ¬†—á–∏—Å–ª–æ	–Ω–µ¬†—á–∏—Å–ª–æ	–Ω–µ¬†—á–∏—Å–ª–æ	–Ω–µ¬†—á–∏—Å–ª–æ	–Ω–µ¬†—á–∏—Å–ª–æ	–Ω–µ¬†—á–∏—Å–ª–æ	–Ω–µ¬†—á–∏—Å–ª–æ
	0,00000000	0,00000000	0,00000000	0,00000000	0,00000000	0,00000000	0,00000000


ReLU 7 7


Linear 7 4 True
	–Ω–µ¬†—á–∏—Å–ª–æ	–Ω–µ¬†—á–∏—Å–ª–æ	–Ω–µ¬†—á–∏—Å–ª–æ	–Ω–µ¬†—á–∏—Å–ª–æ
	–Ω–µ¬†—á–∏—Å–ª–æ	–Ω–µ¬†—á–∏—Å–ª–æ	–Ω–µ¬†—á–∏—Å–ª–æ	–Ω–µ¬†—á–∏—Å–ª–æ
	–Ω–µ¬†—á–∏—Å–ª–æ	–Ω–µ¬†—á–∏—Å–ª–æ	–Ω–µ¬†—á–∏—Å–ª–æ	–Ω–µ¬†—á–∏—Å–ª–æ
	–Ω–µ¬†—á–∏—Å–ª–æ	–Ω–µ¬†—á–∏—Å–ª–æ	–Ω–µ¬†—á–∏—Å–ª–æ	–Ω–µ¬†—á–∏—Å–ª–æ
	–Ω–µ¬†—á–∏—Å–ª–æ	–Ω–µ¬†—á–∏—Å–ª–æ	–Ω–µ¬†—á–∏—Å–ª–æ	–Ω–µ¬†—á–∏—Å–ª–æ
	–Ω–µ¬†—á–∏—Å–ª–æ	–Ω–µ¬†—á–∏—Å–ª–æ	–Ω–µ¬†—á–∏—Å–ª–æ	–Ω–µ¬†—á–∏—Å–ª–æ
	–Ω–µ¬†—á–∏—Å–ª–æ	–Ω–µ¬†—á–∏—Å–ª–æ	–Ω–µ¬†—á–∏—Å–ª–æ	–Ω–µ¬†—á–∏—Å–ª–æ
	–Ω–µ¬†—á–∏—Å–ª–æ	–Ω–µ¬†—á–∏—Å–ª–æ	–Ω–µ¬†—á–∏—Å–ª–æ	–Ω–µ¬†—á–∏—Å–ª–æ


Sigmoid 4 4


0,09475880	-0,15295993	0,42946121	-0,21400541	0,03709361	0,17096926	-0,01478438
	0,16241178	0,43377444	0,65860520	0,26378200	-0,04015413	0,08323708	0,68861272	-0,62994280	-0,64070225	-0,16354908	-0,35535153	0,18484006	0,64850616	-0,23402679
	-0,31467193	-0,00966822	-0,64214842	-0,36017577	0,57125682	0,06329563	-0,14886670	-0,62309486	-0,22375900	0,40446425	-0,43339396	-0,22478251	0,06992435	0,45493690
	-0,03128593	0,03659524	-0,00357144	-0,00052858	-0,01443372	-0,01388739	-0,00710452	0,01594922	0,00007048	-0,00599005	-0,03605030	-0,08019788	-0,00553475	-0,00151490


ReLU 14 14


Linear 14 8 True
	0,06601820	0,18095387	-0,39465023	0,64063708	0,13069699	0,07838048	0,61809704	0,48521261
	-0,48987496	-0,12773739	-0,06533282	0,99097804	-0,24802440	-0,27779841	-0,11492128	-0,57817361
	0,30513244	0,46252043	1,08680160	0,10053692	-0,52660845	-0,15234091	-0,30464890	-0,25635694
	-0,59186599	0,37015909	-0,03717273	0,27402971	0,07650347	-0,25625918	-0,07838453	0,00518956
	0,16634418	-0,40808498	0,14679863	-0,00659959	0,07696312	0,53052292	0,56340063	0,25423650
	-0,52348698	-0,25671168	-0,31626044	0,13609359	-0,25352741	0,09590654	0,22224509	0,12350823
	-0,59244344	0,22109226	0,13049777	0,08527024	-0,37684659	0,04843013	0,09963839	-0,93220750
	0,18573367	-0,20508388	-0,34408678	0,45493774	-0,15165144	-0,34744976	0,02470895	0,26214332
	-0,43544837	0,65072289	-0,37951367	0,06973655	-0,35061694	0,51706466	0,45305223	-0,13510393
	0,38315222	-0,55064106	0,16288574	0,23053031	0,11063862	0,25646946	0,05040819	0,37502627
	-0,08770935	0,57473220	-0,55643430	0,23776018	0,01298625	-0,43814801	-0,07538309	0,21812738
	-0,24788748	-0,08085583	0,16223656	-0,04556840	0,11486772	-0,03507609	-0,49889471	0,62867961
	0,69316326	-0,49400327	-0,00808660	0,31021816	0,23457081	-0,16339438	0,07714144	-0,09468647
	0,13088525	0,21754258	-0,36096857	-0,03854283	-0,22540923	0,27713337	-0,67763772	-0,65923830
	0,02464517	0,08416385	0,02403677	-0,02616222	-0,02874665	0,00812809	0,22054955	-0,15037926


ReLU 8 8


Linear 8 4 True
	-0,05284254	0,37261446	0,02577730	0,07995884
	-0,59708298	-0,07822427	0,88706658	-0,32995161
	0,23032164	-0,92846315	-0,53827227	-0,28999590
	-0,35378263	-0,13536120	0,35386409	0,63824853
	-0,10688179	-0,65622255	-0,00361945	0,93064366
	0,13051814	-1,26937929	0,52606284	-0,28906108
	0,02931864	-0,27831136	-0,00882197	-1,03924117
	0,12050950	-0,12573068	0,11195299	0,63359010
	-0,96445596	1,12153579	0,14734899	-0,01525350


Sigmoid 4 4


4


3268027	0,02008790	0,32009388	0,00638892	-0,10144241	-0,16406585	0,09499830
	0,20923732	-0,10944267	0,13966601	0,17351157	0,02903856	-0,49365106	0,25373464	0,38559144
	0,33038837	-0,11877253	-0,40797463	-0,01174201	-0,09559525	-0,11420573	0,33714209	0,50149201
	-0,13781123	0,08853455	0,02892442	0,08322449	-0,07446432	0,05760086	-0,25734501	-0,15994402
	-0,30868545	0,16492645	-0,01484930	0,21009919	-0,08512569	0,38797156	-0,26760628	0,17273320
	0,54061486	-0,09086230	0,45015818	0,39186696	0,27777894	0,20677494	0,63990917	-0,20671628
	-0,04792053	0,45396329	-0,19541650	-0,04503305	0,21777977	0,04308543	-0,46990578	-0,81076499
	0,00642752	0,15487738	-0,45921755	-0,09522516	0,24336432	0,30101079	0,05892229	0,26796801


ReLU 8 8


Linear 8 4 True
	-1,13742435	0,31837151	0,45758578	0,27941321
	0,18048132	0,16043704	-0,03187036	-0,52095228
	0,38484293	-0,22999240	-1,25798033	0,93348136
	-0,40321506	0,74055848	0,91163388	0,36147512
	-0,55488673	-0,49722531	-1,16010122	-1,20159620
	0,56088553	-0,44696480	0,37635391	0,88808077
	0,76980153	0,06154044	0,33313107	-1,54211209
	-0,04198306	0,61945362	0,91921781	2,04772834
	-1,63918582	0,55988970	-0,21087770	-0,31542225


Sigmoid 4 4


 4 4


Sigmoid 4 4


oid 4 4



Sigmoid 4 4


d 4 4


